Accuracy = 0.9575
Precision = 0.9216589861751152
Recall = 1.0
F1 = 0.9592326139088729
TP = 200
TN = 183
FP = 17
FN = 0