Accuracy = 0.715
Precision = 0.8771929824561403
Recall = 0.5
F1 = 0.6369426751592356
TP = 100
TN = 186
FP = 14
FN = 100