Accuracy = 0.905
Precision = 0.8403361344537815
Recall = 1.0
F1 = 0.91324200913242
TP = 200
TN = 162
FP = 38
FN = 0