Accuracy = 0.785
Precision = 0.7035714285714286
Recall = 0.985
F1 = 0.8208333333333334
TP = 197
TN = 117
FP = 83
FN = 3