Accuracy = 0.8625
Precision = 0.7843137254901961
Recall = 1.0
F1 = 0.8791208791208792
TP = 200
TN = 145
FP = 55
FN = 0