Accuracy = 0.9475
Precision = 0.9049773755656109
Recall = 1.0
F1 = 0.9501187648456058
TP = 200
TN = 179
FP = 21
FN = 0