Accuracy = 0.8975
Precision = 0.8412017167381974
Recall = 0.98
F1 = 0.905311778290993
TP = 196
TN = 163
FP = 37
FN = 4