Accuracy = 0.9225
Precision = 0.8658008658008658
Recall = 1.0
F1 = 0.9280742459396751
TP = 200
TN = 169
FP = 31
FN = 0