Accuracy = 0.9325
Precision = 0.8810572687224669
Recall = 1.0
F1 = 0.9367681498829039
TP = 200
TN = 173
FP = 27
FN = 0