Accuracy = 0.91
Precision = 0.847457627118644
Recall = 1.0
F1 = 0.9174311926605504
TP = 200
TN = 164
FP = 36
FN = 0