Accuracy = 0.6425
Precision = 0.5876923076923077
Recall = 0.955
F1 = 0.7276190476190476
TP = 191
TN = 66
FP = 134
FN = 9