Accuracy = 0.5675
Precision = 0.6153846153846154
Recall = 0.36
F1 = 0.45425867507886436
TP = 72
TN = 155
FP = 45
FN = 128