Accuracy = 0.935
Precision = 0.8849557522123894
Recall = 1.0
F1 = 0.9389671361502347
TP = 200
TN = 174
FP = 26
FN = 0