Accuracy = 0.94
Precision = 0.8928571428571429
Recall = 1.0
F1 = 0.9433962264150945
TP = 200
TN = 176
FP = 24
FN = 0