Accuracy = 0.5875
Precision = 0.8723404255319149
Recall = 0.205
F1 = 0.33198380566801616
TP = 41
TN = 194
FP = 6
FN = 159