Accuracy = 0.8225
Precision = 0.8449197860962567
Recall = 0.79
F1 = 0.8165374677002585
TP = 158
TN = 171
FP = 29
FN = 42