Accuracy = 0.7675
Precision = 0.7098039215686275
Recall = 0.905
F1 = 0.7956043956043958
TP = 181
TN = 126
FP = 74
FN = 19