Accuracy = 0.5575
Precision = 0.6575342465753424
Recall = 0.24
F1 = 0.3516483516483517
TP = 48
TN = 175
FP = 25
FN = 152