Accuracy = 0.605
Precision = 0.6615384615384615
Recall = 0.43
F1 = 0.5212121212121211
TP = 86
TN = 156
FP = 44
FN = 114