Accuracy = 0.9425
Precision = 0.8968609865470852
Recall = 1.0
F1 = 0.9456264775413712
TP = 200
TN = 177
FP = 23
FN = 0