Accuracy = 0.91
Precision = 0.8504273504273504
Recall = 0.995
F1 = 0.9170506912442397
TP = 199
TN = 165
FP = 35
FN = 1