Accuracy = 0.5675
Precision = 0.5699481865284974
Recall = 0.55
F1 = 0.5597964376590332
TP = 110
TN = 117
FP = 83
FN = 90