Accuracy = 0.61
Precision = 0.5932203389830508
Recall = 0.7
F1 = 0.6422018348623852
TP = 140
TN = 104
FP = 96
FN = 60