Accuracy = 0.77
Precision = 0.9090909090909091
Recall = 0.6
F1 = 0.7228915662650602
TP = 120
TN = 188
FP = 12
FN = 80