Accuracy = 0.5425
Precision = 0.6231884057971014
Recall = 0.215
F1 = 0.3197026022304833
TP = 43
TN = 174
FP = 26
FN = 157