Accuracy = 0.93
Precision = 0.8771929824561403
Recall = 1.0
F1 = 0.9345794392523363
TP = 200
TN = 172
FP = 28
FN = 0