Accuracy = 0.6025
Precision = 0.6171428571428571
Recall = 0.54
F1 = 0.5760000000000001
TP = 108
TN = 133
FP = 67
FN = 92