Accuracy = 0.4475
Precision = 0.42953020134228187
Recall = 0.32
F1 = 0.3667621776504298
TP = 64
TN = 115
FP = 85
FN = 136